Zip_Code Population
89010 512
89019 1748
89046 354
89060 9373
89061 5360
89439 1465
90001 58738
90002 52856
90003 70490
90004 62733
90005 39562
90006 62329
90007 41221
90008 32359
90010 3759
90011 108051
90012 33783
90013 11957
90014 7408
90015 20187
90016 46303
90017 26390
90018 52287
90019 67415
90020 39191
90021 3158
90022 67446
90023 47229
90024 49718
90025 47453
90026 68609
90027 45616
90028 31054
90029 38843
90031 39103
90032 47766
90033 48841
90034 56070
90036 38116
90037 63238
90038 27957
90039 29092
90040 12925
90041 28651
90042 63788
90043 44571
90044 94680
90045 41420
90046 51615
90047 48491
90048 22860
90049 36362
90056 8014
90057 49389
90059 47351
90061 28003
90062 33627
90063 53556
90064 26007
90065 48420
90066 59747
90067 2235
90068 21726
90069 20401
90077 8936
90089 3846
90094 8568
90201 102878
90210 20016
90211 8019
90212 13207
90220 51713
90221 54259
90222 32585
90230 32657
90232 14865
90240 26339
90241 44097
90242 42922
90245 16929
90247 47969
90248 10899
90249 26286
90250 97371
90254 19750
90255 75636
90260 35614
90262 71306
90263 1868
90265 18119
90266 35698
90270 27597
90272 22927
90274 25374
90275 42606
90277 34922
90278 40808
90280 95420
90290 5714
90291 27170
90292 22328
90293 12762
90301 37518
90302 30892
90303 24658
90304 25937
90305 15574
90401 7485
90402 11681
90403 24764
90404 22586
90405 28305
90501 43008
90502 18010
90504 33422
90505 37368
90601 34025
90602 26482
90603 20697
90604 41369
90605 41818
90606 32599
90620 46038
90621 36074
90623 15882
90630 49249
90631 69579
90638 49797
90640 63547
90650 106404
90660 63694
90670 16642
90680 30530
90701 16912
90703 50877
90704 3940
90706 77852
90710 28667
90712 31471
90713 28927
90715 20313
90716 14409
90717 21740
90720 22318
90723 55020
90731 61789
90732 22408
90740 24443
90742 705
90744 56779
90745 57219
90746 26852
90755 11581
90802 40226
90803 32116
90804 40225
90805 96069
90806 42587
90807 32395
90808 38487
90810 38769
90813 60935
90814 18175
90815 40359
91001 37528
91006 33200
91007 34357
91008 1191
91010 26265
91011 20499
91016 42013
91020 8551
91024 11061
91030 25940
91040 20175
91042 26767
91101 20719
91103 28435
91104 39178
91105 11907
91106 25479
91107 32199
91108 13769
91201 23466
91202 23182
91203 14393
91204 18318
91205 37514
91206 34938
91207 10288
91208 17128
91210 835
91214 30991
91301 26028
91302 26500
91303 30380
91304 53627
91306 49551
91307 27233
91311 40064
91316 30888
91320 45852
91321 34510
91324 30101
91325 34240
91326 36804
91330 3306
91331 105696
91335 79687
91340 35771
91342 96177
91343 65964
91344 53453
91345 19022
91350 37149
91351 32661
91352 47934
91354 31027
91355 31645
91356 30346
91360 43389
91361 20826
91362 36071
91364 27031
91367 43370
91377 14440
91381 20530
91384 29283
91387 43319
91390 19521
91401 40995
91402 71317
91403 24677
91405 54770
91406 56200
91411 25210
91423 33641
91436 14794
91501 20892
91502 11645
91504 26558
91505 30997
91506 18245
91601 38379
91602 18944
91604 30642
91605 52386
91606 44352
91607 31383
91701 39628
91702 61739
91706 77819
91708 3154
91709 78025
91710 88862
91711 36933
91722 36557
91723 20193
91724 25755
91730 70545
91731 30063
91732 63557
91733 44989
91737 25759
91739 39069
91740 26067
91741 26610
91744 86982
91745 54166
91746 30640
91748 47114
91750 34017
91752 30716
91754 33114
91755 27942
91759 426
91761 60560
91762 59433
91763 38211
91764 53750
91765 47398
91766 72787
91767 49492
91768 36122
91770 63981
91773 34555
91775 25156
91776 38322
91780 35184
91784 25908
91786 53339
91789 44115
91790 45958
91791 33953
91792 29787
91801 54928
91803 30137
91901 18238
91902 19762
91905 1528
91910 76250
91911 84025
91913 49346
91914 17186
91915 32073
91916 1752
91917 1125
91931 370
91932 26713
91934 298
91935 8547
91941 32944
91942 40239
91945 26983
91950 62386
91962 2530
91963 957
91977 61377
91978 9829
91980 623
92003 5161
92004 2315
92007 11301
92008 27537
92009 44632
92010 15694
92014 14048
92019 43116
92020 58862
92021 71127
92024 51309
92025 53470
92026 48757
92027 57746
92028 48015
92029 18615
92036 2201
92037 39893
92040 44243
92054 43554
92055 11959
92056 54181
92057 57276
92058 46569
92060 101
92061 2259
92064 49981
92065 37826
92066 580
92067 9028
92069 49638
92070 919
92071 57245
92075 12754
92078 49261
92081 29039
92082 19263
92083 38107
92084 51334
92086 1675
92091 1458
92101 38023
92102 44644
92104 44398
92105 73379
92106 19250
92107 29796
92108 21973
92109 49024
92110 28373
92111 49467
92113 56478
92114 69635
92115 65704
92116 34295
92117 55978
92118 22623
92119 23910
92120 29392
92121 4807
92122 47331
92123 31028
92124 32126
92126 81883
92127 45980
92128 50473
92129 54577
92130 54495
92131 34414
92134 258
92139 36836
92140 3348
92145 2159
92154 87218
92173 31728
92201 64283
92203 30945
92210 5060
92211 25015
92220 33016
92223 52129
92225 21966
92227 27358
92230 3962
92231 40054
92233 7653
92234 53717
92236 44523
92240 35434
92241 7936
92243 49915
92249 8166
92250 8689
92251 22813
92252 9232
92253 39955
92254 11550
92257 1610
92258 685
92259 181
92260 34091
92262 28377
92264 19664
92266 103
92270 17975
92273 1665
92274 17298
92275 2139
92276 7278
92277 23978
92278 4154
92281 2576
92282 1498
92284 26000
92285 2597
92301 33347
92304 23
92305 507
92307 38304
92308 41442
92309 656
92310 9053
92311 33938
92313 12478
92314 11309
92315 5255
92316 29304
92320 8457
92321 1210
92322 719
92324 58650
92325 8789
92328 320
92332 11
92333 300
92335 99791
92336 94327
92337 38938
92339 1295
92341 232
92342 7096
92344 23275
92345 80910
92346 60424
92347 917
92352 6237
92354 21341
92356 6239
92359 8913
92363 5384
92365 2763
92371 17799
92372 6228
92373 34063
92374 42579
92376 86937
92377 19490
92382 4822
92385 289
92386 2004
92389 153
92392 57678
92394 35528
92395 41785
92397 4457
92398 2058
92399 54027
92401 2030
92404 60850
92405 30366
92407 67302
92408 15466
92410 46063
92411 26239
92501 21707
92503 94523
92504 57955
92505 50110
92506 45831
92507 58017
92508 39121
92509 81093
92518 1065
92530 57204
92532 22770
92536 3013
92539 4726
92543 37825
92544 47880
92545 41738
92548 8256
92549 2689
92551 33980
92553 74918
92555 43436
92557 51789
92561 1812
92562 63032
92563 64686
92567 10003
92570 60349
92571 55814
92582 16437
92583 32682
92584 51523
92585 21077
92586 20186
92587 17095
92590 4090
92591 40601
92592 82551
92595 32647
92596 28039
92602 26351
92603 20741
92604 28656
92606 23895
92610 12025
92612 32083
92614 25271
92617 17232
92618 34704
92620 48752
92624 6314
92625 12323
92626 51251
92627 62184
92629 27063
92630 62230
92637 16314
92646 55869
92647 62141
92648 47424
92649 34276
92651 24828
92653 29554
92655 8846
92656 52372
92657 9947
92660 36406
92662 2799
92663 21657
92673 30537
92675 36686
92676 2088
92677 66077
92678 518
92679 32738
92683 91758
92688 45062
92691 50287
92692 48485
92694 27582
92701 51732
92703 71963
92704 90525
92705 46833
92706 35276
92707 62408
92708 57779
92780 61615
92782 23956
92801 67094
92802 42476
92804 88065
92805 73140
92806 40174
92807 35980
92808 20726
92821 37840
92823 4104
92831 37686
92832 25182
92833 52950
92835 23513
92840 55928
92841 34228
92843 45198
92844 24050
92845 16917
92860 26613
92861 5893
92865 20993
92866 15388
92867 44545
92868 28148
92869 36598
92870 53642
92879 45767
92880 68915
92881 34039
92882 71188
92883 33982
92886 50543
92887 20143
93001 33354
93003 51956
93004 30494
93010 44122
93012 36234
93013 16735
93015 17713
93021 37989
93022 7147
93023 20272
93030 60191
93033 83572
93035 28795
93036 47234
93040 1832
93041 24487
93042 99
93060 34226
93063 56457
93065 72763
93066 3208
93067 579
93101 32101
93103 20698
93105 26177
93108 11178
93109 12066
93110 16838
93111 18334
93117 57913
93201 1315
93202 3684
93203 22471
93204 13119
93206 2044
93208 48
93210 18163
93212 24384
93215 55845
93218 889
93219 10375
93220 313
93221 15036
93222 1420
93223 10738
93225 5319
93226 195
93230 66235
93234 7028
93235 3804
93238 1408
93239 1688
93240 6960
93241 16969
93242 3352
93243 1709
93245 37907
93247 18487
93249 2264
93250 15523
93251 243
93252 3188
93254 626
93256 6113
93257 76676
93258 2254
93261 3014
93262 75
93263 20710
93265 3388
93267 7045
93268 17620
93270 5605
93271 2268
93272 4186
93274 72918
93276 159
93277 52785
93280 27552
93283 2086
93285 1723
93286 9916
93287 74
93291 56627
93292 40512
93301 12345
93304 50787
93305 39114
93306 70208
93307 84948
93308 54042
93309 60893
93311 44862
93312 59359
93313 51245
93314 26992
93401 29108
93402 15730
93405 35534
93420 29940
93422 33221
93426 1839
93427 5757
93428 6155
93430 3101
93432 990
93433 13524
93434 7313
93436 56606
93437 3450
93440 1601
93442 11084
93444 20049
93445 7714
93446 44911
93449 8060
93451 4189
93452 728
93453 3345
93454 40333
93455 44490
93458 56702
93460 4886
93461 1545
93463 8011
93465 8905
93501 5063
93505 13445
93510 7836
93512 293
93513 1715
93514 14574
93516 2425
93517 658
93518 995
93519 28
93522 34
93523 3312
93524 168
93526 640
93527 1852
93528 124
93529 383
93530 10
93531 422
93532 2857
93534 39166
93535 73728
93536 71303
93541 506
93543 14748
93544 1099
93545 1818
93546 9346
93549 250
93550 75774
93551 51896
93552 41320
93553 1893
93555 34075
93558 221
93560 20797
93561 34271
93562 1639
93563 417
93591 6809
93592 81
93601 1855
93602 4284
93603 137
93605 170
93606 774
93608 973
93609 5668
93610 23587
93611 48759
93612 35625
93614 11134
93615 6277
93616 2726
93618 30754
93619 34587
93620 9388
93621 155
93622 10298
93623 108
93624 1170
93625 7715
93626 1995
93628 220
93630 20133
93631 16206
93634 24
93635 40550
93636 12191
93637 40986
93638 50453
93641 171
93643 2915
93644 8252
93645 239
93646 10959
93647 11387
93648 16018
93650 3863
93651 1743
93652 373
93653 1324
93654 31093
93656 7345
93657 35093
93662 30454
93665 882
93666 1117
93667 2877
93668 1018
93675 3248
93701 10011
93702 44650
93703 33143
93704 28491
93705 38315
93706 40471
93710 32410
93711 37173
93720 46813
93721 7182
93722 84481
93723 12246
93725 27239
93726 42610
93727 81118
93728 15945
93730 11693
93901 27624
93905 61251
93906 65464
93907 22171
93908 11490
93921 3485
93923 12787
93924 6013
93925 1913
93926 9505
93927 18612
93930 16914
93933 24388
93940 32554
93950 15650
93953 4490
93954 346
93955 34614
93960 26788
94002 27213
94005 4642
94010 42889
94014 49354
94015 64580
94019 20521
94020 1492
94021 212
94022 19568
94024 23690
94025 42016
94027 7371
94028 7051
94030 22763
94037 2909
94038 3805
94040 35470
94041 14471
94043 30667
94044 39141
94061 39473
94062 27350
94063 33999
94065 12794
94066 43097
94070 30745
94080 67423
94085 23395
94086 49235
94087 57178
94089 22135
94102 30140
94103 26990
94105 7675
94108 14856
94109 56587
94110 73737
94111 3356
94112 85373
94114 34561
94115 35751
94116 47708
94117 43610
94118 41417
94121 43638
94122 62516
94123 25461
94124 35492
94127 21093
94129 4019
94130 3129
94131 29056
94132 31155
94133 26942
94134 43074
94158 6547
94301 17137
94303 47850
94304 3829
94305 15343
94306 27902
94401 36145
94402 25163
94403 43393
94404 36573
94501 63762
94502 14484
94503 20371
94505 15780
94507 15829
94508 4176
94509 66741
94510 28043
94511 2379
94512 94
94513 61300
94515 7785
94516 128
94517 13244
94518 27967
94519 19101
94520 39027
94521 43850
94523 34905
94525 3142
94526 32850
94528 552
94530 25289
94531 43285
94533 74833
94534 37409
94535 4130
94536 73876
94538 67133
94539 52354
94541 65690
94542 13706
94544 78717
94545 32495
94547 25260
94548 418
94549 29547
94550 50646
94552 14887
94553 49748
94555 37657
94556 16249
94558 68617
94559 28089
94560 45554
94561 40905
94563 19179
94564 19162
94565 93549
94566 45001
94567 642
94568 52599
94569 194
94571 9480
94572 10174
94573 20
94574 9100
94575 1174
94576 107
94577 47822
94578 40897
94579 22452
94580 30326
94582 41073
94583 35244
94585 29605
94586 936
94587 74354
94588 35707
94589 30833
94590 37036
94591 55232
94595 17632
94596 20881
94597 23030
94598 27398
94599 3117
94601 50763
94602 30098
94603 33952
94605 44260
94606 38441
94607 26904
94608 30041
94609 22339
94610 31354
94611 38684
94612 16027
94613 864
94618 16566
94619 24536
94621 33557
94702 17534
94703 21886
94704 27961
94705 13235
94706 21050
94707 12024
94708 11533
94709 11736
94710 7341
94720 3061
94801 29974
94803 25798
94804 40640
94805 15076
94806 63660
94903 30872
94904 12633
94920 12851
94922 555
94923 751
94924 1247
94925 9811
94928 43663
94929 156
94930 8784
94931 8462
94933 763
94937 766
94939 7079
94941 31389
94945 19487
94946 812
94947 26020
94949 17153
94951 4489
94952 35423
94954 38316
94956 1329
94957 1326
94960 15812
94963 522
94965 11217
94970 717
94971 398
94972 22
94973 1599
95002 2032
95003 25195
95004 3978
95005 7327
95006 9032
95007 762
95008 46251
95010 9288
95012 10639
95014 62682
95017 612
95018 7078
95019 6915
95020 63251
95023 51846
95030 13075
95032 26437
95033 9805
95035 75614
95037 50210
95039 1063
95041 427
95043 663
95045 4274
95046 6282
95050 38479
95051 57087
95053 3532
95054 24835
95060 47369
95062 37728
95064 9993
95065 8461
95066 15429
95070 31420
95073 11491
95075 425
95076 87781
95110 19451
95111 64891
95112 62039
95113 1759
95116 56243
95117 29338
95118 31799
95119 10754
95120 37937
95121 38909
95122 58057
95123 66858
95124 50055
95125 54802
95126 35758
95127 66686
95128 37301
95129 40231
95130 14293
95131 30540
95132 40854
95133 28905
95134 23984
95135 22415
95136 45754
95138 20146
95139 7108
95140 70
95148 49780
95202 6295
95203 15779
95204 28486
95205 36773
95206 64836
95207 50653
95209 43768
95210 41724
95211 1636
95212 27512
95215 24250
95219 29238
95220 7288
95222 5017
95223 3004
95224 184
95226 15
95227 806
95228 4452
95231 4863
95234 110
95236 4447
95240 48282
95242 26349
95245 2005
95246 1001
95247 4546
95248 148
95249 4918
95251 604
95252 14981
95254 1093
95257 441
95258 3993
95301 38675
95304 14592
95305 52
95307 43888
95310 1924
95311 1764
95312 270
95313 1296
95315 13707
95316 6748
95317 904
95318 378
95319 1687
95320 13018
95321 3118
95322 9367
95323 1141
95324 7551
95325 19
95326 9827
95327 7655
95328 4586
95329 2691
95330 20969
95333 2696
95334 16804
95336 47166
95337 36700
95338 11015
95340 36543
95341 32537
95345 624
95346 1798
95348 33888
95350 52951
95351 49836
95354 25090
95355 58279
95356 33032
95357 11701
95358 33350
95361 34140
95363 26726
95365 4795
95366 17358
95367 24884
95368 14247
95369 1080
95370 27680
95372 2243
95374 1847
95376 52371
95377 32637
95379 3616
95382 37490
95383 4227
95385 465
95386 10568
95388 14114
95389 1397
95391 15738
95401 39229
95403 46288
95404 41536
95405 20994
95407 41797
95409 26905
95410 951
95412 431
95415 1342
95420 752
95421 1739
95422 15360
95423 3818
95425 10571
95426 1531
95428 2467
95430 6
95431 238
95432 489
95435 179
95436 6227
95437 14489
95439 725
95441 1889
95442 3366
95443 311
95445 1930
95446 4728
95448 17666
95449 1794
95450 285
95451 12016
95452 1276
95453 10717
95454 2190
95456 733
95457 3058
95458 3162
95459 587
95460 2314
95461 2497
95462 1151
95463 50
95464 2634
95465 2041
95466 1087
95467 5735
95468 1561
95470 6226
95471 630
95472 30723
95476 37187
95482 31993
95485 2728
95490 12655
95492 29590
95493 218
95494 196
95497 1137
95501 23624
95503 25215
95514 169
95519 19328
95521 21311
95524 1735
95525 1497
95526 222
95527 565
95528 1254
95531 23092
95536 3112
95540 14001
95542 1831
95543 989
95545 112
95546 3542
95547 1004
95548 1228
95549 880
95550 123
95551 1468
95552 750
95554 264
95555 340
95556 706
95559 93
95560 1787
95563 681
95564 380
95565 946
95567 2133
95568 203
95569 308
95570 2253
95571 307
95573 1449
95585 575
95587 51
95589 1036
95602 18517
95603 29083
95604 106
95605 14677
95607 415
95608 61365
95610 45429
95612 1062
95615 1015
95616 50068
95618 27721
95619 4966
95620 21588
95621 41893
95623 3734
95624 65447
95625 88
95626 6030
95627 3892
95628 40882
95629 898
95630 75864
95631 6638
95632 31523
95633 3760
95634 3027
95635 870
95637 315
95638 2204
95639 309
95640 10609
95641 1657
95642 6615
95645 1810
95646 73
95648 51276
95650 13192
95652 876
95653 727
95655 4091
95658 6811
95660 35397
95661 31085
95662 31738
95663 2573
95664 1372
95665 5267
95666 4985
95667 36717
95668 839
95669 2373
95670 54348
95672 5225
95673 15604
95674 916
95675 452
95677 24571
95678 42096
95679 64
95680 116
95681 1304
95682 30304
95683 6173
95684 3260
95685 4573
95686 1021
95687 67504
95688 36745
95689 1288
95690 2346
95691 37743
95692 5256
95693 6408
95694 10310
95695 40121
95699 201
95709 5001
95713 9944
95714 325
95715 71
95717 121
95720 42
95722 4791
95724 18
95726 9152
95728 251
95735 2
95736 209
95742 11119
95746 23641
95747 64320
95757 48242
95758 63977
95762 41709
95765 37134
95776 23169
95811 5874
95814 11023
95815 25606
95816 17143
95817 13277
95818 20946
95819 19134
95820 36624
95821 35734
95823 78398
95824 30935
95825 34201
95826 37701
95827 21005
95828 60988
95829 27417
95830 963
95831 42218
95832 11389
95833 40569
95834 27089
95835 38607
95837 237
95838 38051
95841 20551
95842 31971
95843 47088
95864 23458
95901 33150
95903 1530
95910 130
95912 4830
95914 666
95916 1136
95917 3599
95920 350
95922 526
95923 16
95926 39032
95928 36696
95930 182
95932 7669
95934 381
95935 680
95937 1569
95938 4290
95939 695
95941 644
95942 672
95945 25462
95946 9812
95947 1856
95948 10796
95949 19828
95950 461
95951 3063
95953 10553
95954 13062
95955 1354
95957 901
95959 17595
95960 726
95961 27203
95962 1157
95963 14720
95965 20637
95966 29583
95968 1215
95969 27919
95970 572
95971 5913
95973 35574
95974 65
95975 1352
95977 2138
95979 729
95982 3258
95984 41
95986 78
95987 6050
95988 8655
95991 40959
95993 36712
96001 33986
96002 33697
96003 44406
96007 23528
96008 1357
96009 366
96010 207
96011 150
96013 4733
96014 157
96015 647
96017 142
96019 10087
96020 2457
96021 16670
96022 16256
96023 1158
96025 2008
96027 2340
96028 1363
96029 186
96032 2493
96033 536
96035 3593
96037 249
96038 739
96041 2869
96044 927
96046 63
96047 702
96048 687
96049 46
96050 389
96051 1238
96055 3793
96056 1668
96057 1345
96058 625
96061 21
96062 1026
96063 310
96064 4832
96067 6991
96068 158
96071 47
96073 4009
96074 166
96075 282
96080 28075
96084 444
96086 265
96088 4400
96091 710
96093 4011
96094 6579
96096 745
96097 9726
96101 5528
96103 1445
96104 520
96106 165
96107 1122
96109 678
96111 59
96112 295
96113 2078
96114 3266
96115 145
96116 138
96117 332
96118 1767
96119 76
96120 1097
96121 335
96122 3629
96123 40
96125 187
96126 80
96128 811
96129 144
96130 20479
96133 183
96134 1951
96135 190
96136 38
96137 3601
96140 816
96141 348
96142 578
96145 2406
96150 29103
96161 18369
97520 25164
97603 29086
97623 2490
97633 1150
97635 214
90035 29920
90058 3189
90073 944
90503 45349
90743 248
90822 143
91046 160
91906 3426
91948 14
92011 24895
92059 1271
92103 34671
92135 944
92147 562
92155 486
92239 164
92242 1209
92256 3250
92267 5
92268 539
92280 17
92283 1970
92327 718
92358 954
92368 941
92378 211
92384 17
92391 2738
92661 3426
92672 34671
93043 363
93205 1593
93207 269
93224 402
93244 402
93255 707
93260 193
93266 1440
93424 684
93429 147
93441 996
93450 853
93554 143
93604 707
93627 198
93640 12645
93660 4360
93664 486
93669 160
93673 834
93920 1271
93928 401
93932 782
93962 562
94060 1544
94074 215
94104 436
94107 29920
94128 126
94506 24895
94514 1593
94546 44285
94551 44285
94592 996
94901 42398
94938 1033
94940 248
94950 122
94964 3447
95013 79
95225 436
95230 564
95232 105
95233 539
95237 3189
95255 1593
95303 778
95306 852
95335 198
95360 12645
95375 5
95380 42398
95387 564
95417 359
95427 203
95429 90
95444 769
95469 1970
95486 79
95488 227
95511 240
95537 147
95553 1030
95558 436
95562 3447
95595 147
95601 132
95606 211
95614 4360
95636 954
95651 778
95659 853
95697 392
95698 215
95701 769
95703 1033
95721 14
95822 45349
95918 2738
95919 1209
95925 203
95936 90
95943 834
95944 33
95956 324
95978 132
95981 33
95983 401
96006 359
96016 539
96024 852
96031 126
96034 203
96039 941
96040 240
96052 1440
96054 269
96059 684
96065 363
96069 782
96076 193
96085 105
96087 718
96090 392
96092 227
96105 90
96108 17
96110 164
96124 324
96132 122
96143 3250
96146 1030
96148 853
97632 1544
